5663.375165255933
5656.116549490691
5655.003372856804
5651.990276472863
5641.55932633717
5649.783842959268
5641.275238936461
5642.081050670073
5632.617744296622
5634.0630461406145
5650.494572491194
5648.449058147352
5657.4241056693
5655.2894811730375
5660.273795849599
5656.1306639914665
5655.8273027600435
5655.825034258134
5665.783756575067
5672.113173154115
5674.992418139754
5677.0349105595415
5671.048088385824
5663.701830731885
5670.876940028253
5666.214904697124
5662.264449592451
5654.295368422017
5657.960680920289
5660.094673804623
5663.145131235062
5654.498507455048
5669.137430617377
5669.181072379126
5657.679326687924
5656.353863001474
5661.52711004415
5678.563623969501
5675.515916105278
5680.14291878573
5680.087249214195
5677.90512565282
5678.264690106607
5682.92938339104
5679.728183394956
5681.545468045265
5675.075879634708
5669.785055005188
5676.0920584653895
5666.978571531098
5655.287692525363
5659.619973219613
5654.108764792803
5662.931414524458
5659.304474020584
5654.977414054034
5652.550581252912
5659.180134482624
5659.868023247205
5657.932251816373
5656.053492005654
5664.726860170951
5659.180665080814
5658.287198434458
5660.4150328603055
5664.323568473198
5649.358476370712
5653.899722095481
5650.019697612297
5655.048567162042
5661.62890335705
5661.142471045612
5657.6727023565945
5668.695354705158
5673.941950513343
5672.109612260952
5669.5922111369455
5656.3266937268745
5657.623967040266
5657.182034086991
5662.838203132965
5661.027727808578
5668.917757442836
5672.955983638929
5680.333773615324
5683.806522247353
5680.983550966981
5677.7973295185875
5681.580189241657
5678.501108744864
5668.714896770638
